33.1 35.0 33 35.3 false 0
28.5 27 27.0 26.5 false 0
33.0 36.0 33 35.3 false 2
32 25 31 24 false 0
30.2 29 29 29 false 1
30 29.2 29 29 false 1
30.1 30 30.0 30 true 2
30.2 30 30.0 30 true 2
27.6 26.2 27.0 26.5 false 0
33.0 36.0 33 35.3 false 2
34.7 34.8 34.5 34.5 true 1
35 34.8 34.5 34.5 true 1
33 26.3 31.6 27 false 2
27.5 26.9 27.0 26.5 false 0
33 26 31.6 27 false 2
33.1 35.0 33 35.3 false 0
30.2 25.2 30.0 24.5 false 1
32 25 31.0 24.0 false 0
30.4 25 30.0 24.5 false 1
31.2 30.0 29.9 29.5 false 2
30.0 28.0 29.9 29.5 false 2
33.1 35.1 33 35.3 false 0
28.3 27.2 27.0 26.5 false 0
33.1 35.2 33 35.3 false 0
36.7 44.5 35.9 42.8 false 0
36.5 44.5 35.9 42.8 false 0
37.5 41.9 37 42 false 1
37.6 42.0 37 42 false 1
40.6 45.3 40.5 45.6 false 2
40.7 45.4 40.5 45.6 false 2
32.7 29.4 32.6 29.3 false 3
32.5 29.3 32.6 29.3 false 3
36.8 36.6 36.5 36.3 false 2
36.9 36.7 36.5 36.3 false 2